30 565492
565492 565496 565516 565531 565551 565558 565559 565562 565610 565621 565630 565631 565633 565648 565675 565753 565773 565801 565859 565898 565964 566010 566074 567497 567500 567510 567526 567531 567618 567891
99999.0 449.1874 99999.0 99999.0 416.266 545.2978 99999.0 99999.0 99999.0 99999.0 99999.0 99999.0 316.7506 479.315 99999.0 99999.0 99999.0 99999.0 99999.0 99999.0 99999.0 99999.0 99999.0 99999.0 99999.0 99999.0 99999.0 99999.0 99999.0 99999.0
449.1874 99999.0 99999.0 99999.0 99999.0 99999.0 99999.0 99999.0 99999.0 503.8078 99999.0 99999.0 582.8365 311.0634 99999.0 99999.0 442.1213 99999.0 99999.0 99999.0 99999.0 99999.0 99999.0 99999.0 99999.0 99999.0 99999.0 99999.0 99999.0 99999.0
99999.0 99999.0 99999.0 99999.0 338.1302 449.6854 463.2332 99999.0 328.3234 99999.0 99999.0 99999.0 99999.0 99999.0 548.7355 99999.0 99999.0 99999.0 99999.0 99999.0 99999.0 99999.0 428.733 99999.0 99999.0 99999.0 99999.0 99999.0 99999.0 99999.0
99999.0 99999.0 99999.0 99999.0 99999.0 99999.0 99999.0 99999.0 99999.0 477.2548 99999.0 99999.0 99999.0 99999.0 99999.0 99999.0 550.5182 99999.0 99999.0 99999.0 99999.0 99999.0 99999.0 99999.0 99999.0 99999.0 99999.0 99999.0 506.3234 99999.0
416.266 99999.0 338.1302 99999.0 99999.0 364.5442 577.1837 99999.0 99999.0 99999.0 99999.0 99999.0 541.0961 99999.0 437.3794 99999.0 99999.0 99999.0 99999.0 99999.0 99999.0 99999.0 99999.0 99999.0 99999.0 99999.0 99999.0 99999.0 99999.0 595.1511
545.2978 99999.0 449.6854 99999.0 364.5442 99999.0 296.9246 99999.0 99999.0 99999.0 99999.0 99999.0 431.4462 99999.0 99999.0 99999.0 99999.0 99999.0 99999.0 99999.0 99999.0 99999.0 99999.0 99999.0 99999.0 99999.0 99999.0 99999.0 99999.0 258.7995
99999.0 99999.0 463.2332 99999.0 577.1837 296.9246 99999.0 99999.0 433.0547 99999.0 99999.0 99999.0 99999.0 99999.0 99999.0 99999.0 99999.0 99999.0 99999.0 99999.0 99999.0 99999.0 99999.0 99999.0 99999.0 99999.0 99999.0 99999.0 99999.0 407.0629
99999.0 99999.0 99999.0 99999.0 99999.0 99999.0 99999.0 99999.0 99999.0 99999.0 99999.0 530.1592 99999.0 99999.0 99999.0 268.8877 99999.0 498.5561 99999.0 99999.0 99999.0 450.1331 99999.0 99999.0 99999.0 99999.0 99999.0 99999.0 99999.0 99999.0
99999.0 99999.0 328.3234 99999.0 99999.0 99999.0 433.0547 99999.0 99999.0 99999.0 99999.0 99999.0 99999.0 99999.0 99999.0 99999.0 99999.0 99999.0 320.7134 99999.0 99999.0 99999.0 452.252 99999.0 99999.0 99999.0 99999.0 99999.0 99999.0 99999.0
99999.0 503.8078 99999.0 477.2548 99999.0 99999.0 99999.0 99999.0 99999.0 99999.0 459.9402 99999.0 99999.0 334.4935 99999.0 99999.0 352.5686 99999.0 99999.0 99999.0 99999.0 99999.0 99999.0 99999.0 99999.0 99999.0 99999.0 99999.0 464.0281 99999.0
99999.0 99999.0 99999.0 99999.0 99999.0 99999.0 99999.0 99999.0 99999.0 459.9402 99999.0 99999.0 99999.0 528.2188 99999.0 477.2569 99999.0 315.8409 99999.0 99999.0 99999.0 99999.0 99999.0 552.2324 99999.0 99999.0 99999.0 99999.0 281.6071 99999.0
99999.0 99999.0 99999.0 99999.0 99999.0 99999.0 99999.0 530.1592 99999.0 99999.0 99999.0 99999.0 99999.0 99999.0 99999.0 456.9191 99999.0 309.1911 99999.0 317.8843 99999.0 440.4898 99999.0 99999.0 99999.0 99999.0 99999.0 99999.0 99999.0 99999.0
316.7506 582.8365 99999.0 99999.0 541.0961 431.4462 99999.0 99999.0 99999.0 99999.0 99999.0 99999.0 99999.0 99999.0 99999.0 99999.0 99999.0 99999.0 99999.0 99999.0 99999.0 99999.0 99999.0 99999.0 99999.0 99999.0 99999.0 99999.0 99999.0 374.6192
479.315 311.0634 99999.0 99999.0 99999.0 99999.0 99999.0 99999.0 99999.0 334.4935 528.2188 99999.0 99999.0 99999.0 820.2554 99999.0 511.2219 99999.0 99999.0 99999.0 99999.0 99999.0 99999.0 99999.0 99999.0 99999.0 99999.0 99999.0 99999.0 99999.0
99999.0 99999.0 548.7355 99999.0 437.3794 99999.0 99999.0 99999.0 99999.0 99999.0 99999.0 99999.0 99999.0 820.2554 99999.0 99999.0 99999.0 99999.0 99999.0 465.2333 99999.0 99999.0 99999.0 99999.0 313.6952 99999.0 99999.0 99999.0 99999.0 99999.0
99999.0 99999.0 99999.0 99999.0 99999.0 99999.0 99999.0 268.8877 99999.0 99999.0 477.2569 456.9191 99999.0 99999.0 99999.0 99999.0 99999.0 278.0395 99999.0 99999.0 99999.0 99999.0 99999.0 439.0067 99999.0 99999.0 99999.0 99999.0 532.7057 99999.0
99999.0 442.1213 99999.0 550.5182 99999.0 99999.0 99999.0 99999.0 99999.0 352.5686 99999.0 99999.0 99999.0 511.2219 99999.0 99999.0 99999.0 99999.0 99999.0 99999.0 99999.0 99999.0 99999.0 99999.0 99999.0 99999.0 99999.0 99999.0 99999.0 99999.0
99999.0 99999.0 99999.0 99999.0 99999.0 99999.0 99999.0 498.5561 99999.0 99999.0 315.8409 309.1911 99999.0 99999.0 99999.0 278.0395 99999.0 99999.0 99999.0 591.8393 99999.0 99999.0 99999.0 99999.0 99999.0 99999.0 99999.0 99999.0 514.887 99999.0
99999.0 99999.0 99999.0 99999.0 99999.0 99999.0 99999.0 99999.0 320.7134 99999.0 99999.0 99999.0 99999.0 99999.0 99999.0 99999.0 99999.0 99999.0 99999.0 99999.0 99999.0 99999.0 521.4303 99999.0 99999.0 99999.0 99999.0 648.1918 99999.0 99999.0
99999.0 99999.0 99999.0 99999.0 99999.0 99999.0 99999.0 99999.0 99999.0 99999.0 99999.0 317.8843 99999.0 99999.0 465.2333 99999.0 99999.0 591.8393 99999.0 99999.0 99999.0 574.9925 99999.0 99999.0 350.6708 407.1607 507.9595 99999.0 99999.0 99999.0
99999.0 99999.0 99999.0 99999.0 99999.0 99999.0 99999.0 99999.0 99999.0 99999.0 99999.0 99999.0 99999.0 99999.0 99999.0 99999.0 99999.0 99999.0 99999.0 99999.0 99999.0 99999.0 99999.0 99999.0 99999.0 304.23 253.3706 661.1781 99999.0 99999.0
99999.0 99999.0 99999.0 99999.0 99999.0 99999.0 99999.0 450.1331 99999.0 99999.0 99999.0 440.4898 99999.0 99999.0 99999.0 99999.0 99999.0 99999.0 99999.0 574.9925 99999.0 99999.0 99999.0 99999.0 99999.0 99999.0 99999.0 99999.0 99999.0 99999.0
99999.0 99999.0 428.733 99999.0 99999.0 99999.0 99999.0 99999.0 452.252 99999.0 99999.0 99999.0 99999.0 99999.0 99999.0 99999.0 99999.0 99999.0 521.4303 99999.0 99999.0 99999.0 99999.0 99999.0 517.9626 99999.0 99999.0 407.9118 99999.0 99999.0
99999.0 99999.0 99999.0 99999.0 99999.0 99999.0 99999.0 99999.0 99999.0 99999.0 552.2324 99999.0 99999.0 99999.0 99999.0 439.0067 99999.0 99999.0 99999.0 99999.0 99999.0 99999.0 99999.0 99999.0 99999.0 99999.0 99999.0 99999.0 360.6948 99999.0
99999.0 99999.0 99999.0 99999.0 99999.0 99999.0 99999.0 99999.0 99999.0 99999.0 99999.0 99999.0 99999.0 99999.0 313.6952 99999.0 99999.0 99999.0 99999.0 350.6708 99999.0 99999.0 517.9626 99999.0 99999.0 411.5479 567.4355 733.7124 99999.0 99999.0
99999.0 99999.0 99999.0 99999.0 99999.0 99999.0 99999.0 99999.0 99999.0 99999.0 99999.0 99999.0 99999.0 99999.0 99999.0 99999.0 99999.0 99999.0 99999.0 407.1607 304.23 99999.0 99999.0 99999.0 411.5479 99999.0 156.8037 99999.0 99999.0 99999.0
99999.0 99999.0 99999.0 99999.0 99999.0 99999.0 99999.0 99999.0 99999.0 99999.0 99999.0 99999.0 99999.0 99999.0 99999.0 99999.0 99999.0 99999.0 99999.0 507.9595 253.3706 99999.0 99999.0 99999.0 567.4355 156.8037 99999.0 99999.0 99999.0 99999.0
99999.0 99999.0 99999.0 99999.0 99999.0 99999.0 99999.0 99999.0 99999.0 99999.0 99999.0 99999.0 99999.0 99999.0 99999.0 99999.0 99999.0 99999.0 648.1918 99999.0 661.1781 99999.0 407.9118 99999.0 733.7124 99999.0 99999.0 99999.0 99999.0 99999.0
99999.0 99999.0 99999.0 506.3234 99999.0 99999.0 99999.0 99999.0 99999.0 464.0281 281.6071 99999.0 99999.0 99999.0 99999.0 532.7057 99999.0 514.887 99999.0 99999.0 99999.0 99999.0 99999.0 360.6948 99999.0 99999.0 99999.0 99999.0 99999.0 99999.0
99999.0 99999.0 99999.0 99999.0 595.1511 258.7995 407.0629 99999.0 99999.0 99999.0 99999.0 99999.0 374.6192 99999.0 99999.0 99999.0 99999.0 99999.0 99999.0 99999.0 99999.0 99999.0 99999.0 99999.0 99999.0 99999.0 99999.0 99999.0 99999.0 99999.0
